6788
999
226 838
46 318
480 70
646 82
532 978
378 605
736 836
186 396
41 393
519 616
45 638
899 719
463 906
927 541
841 596
588 517
557 792
68 43
220 823
879 875
113 744
472 839
981 211
260 543
334 385
38 182
429 944
381 678
143 682
298 104
997 425
704 429
37 349
538 138
729 176
4 375
887 537
716 901
93 34
329 806
56 974
997 801
331 531
866 239
394 289
13 158
755 350
324 115
814 766
649 57
177 58
787 340
389 495
128 740
273 504
433 386
569 959
42 748
85 654
489 702
85 581
311 292
467 713
395 917
598 188
100 261
932 532
622 134
664 843
332 719
359 261
723 341
175 784
289 386
250 779
596 175
35 132
484 520
51 505
156 129
301 802
388 604
356 225
871 124
229 902
445 560
299 489
711 658
119 621
507 113
856 345
334 882
271 660
177 307
493 536
901 10
951 656
450 38
884 561
663 495
568 891
330 867
935 550
956 3
831 903
559 225
605 933
65 814
327 175
462 397
412 986
597 111
42 639
331 951
706 177
125 379
459 308
928 92
226 775
815 279
444 864
310 617
9 916
96 299
231 604
485 853
139 408
152 282
516 374
942 521
999 481
806 340
441 563
955 78
444 181
385 697
74 768
321 782
36 260
472 978
511 750
97 710
453 111
215 525
988 800
554 176
768 639
321 191
234 9
435 24
274 223
124 224
608 254
168 658
268 71
439 599
528 663
518 679
20 967
70 898
806 481
600 384
64 678
549 580
579 796
673 981
629 173
222 752
472 163
281 535
26 769
426 926
741 3
967 817
668 977
599 866
528 381
73 539
444 368
145 140
792 715
528 331
6 216
640 658
337 62
22 293
257 235
68 190
763 683
879 530
651 706
414 230
462 893
391 789
952 212
946 750
243 289
296 67
534 674
639 808
92 499
856 143
134 174
956 955
480 295
982 243
906 519
46 588
343 820
76 790
813 735
246 617
986 457
43 669
14 352
244 974
629 52
362 798
438 251
357 898
960 843
774 98
994 926
505 974
982 260
205 912
725 708
739 980
252 639
265 117
744 967
120 752
781 785
416 219
499 861
524 348
247 620
908 156
352 254
585 206
385 116
501 905
351 477
164 122
402 638
80 733
738 505
520 260
790 267
748 67
518 919
471 321
212 141
451 927
521 185
224 957
911 554
377 866
234 226
743 237
331 755
72 980
860 981
165 65
796 833
796 440
625 469
646 521
653 408
145 57
537 200
681 530
489 363
899 613
150 663
970 764
519 679
995 592
449 113
43 820
123 900
653 231
329 945
814 873
632 814
869 865
266 347
342 112
208 275
195 432
153 306
62 909
547 60
113 873
525 91
733 686
346 707
172 861
427 832
146 905
183 998
355 134
237 60
511 503
420 840
55 326
202 359
350 873
443 620
754 498
30 137
982 683
837 560
993 110
721 460
285 778
756 517
316 158
831 387
940 594
3 18
949 855
649 656
85 942
959 525
467 294
943 605
89 314
626 735
689 182
26 116
124 750
299 962
43 172
474 595
8 826
675 168
129 559
20 904
758 123
672 306
299 312
527 851
922 266
352 811
587 365
760 417
973 948
943 230
632 769
68 145
275 523
721 833
760 370
437 842
214 127
652 282
576 833
609 516
269 353
20 89
211 969
71 980
386 874
219 971
614 302
636 488
956 385
243 689
62 351
302 402
938 494
734 118
368 851
655 542
633 281
653 148
665 550
507 422
19 810
834 594
786 847
362 562
684 511
329 584
470 826
831 220
380 906
326 581
293 233
275 976
395 247
197 171
452 957
203 429
676 2
770 252
978 812
436 103
443 121
339 655
107 887
237 635
250 49
429 575
185 412
809 943
897 212
788 870
418 384
670 89
138 537
750 910
801 282
502 605
61 686
808 60
707 512
278 481
902 175
71 84
938 358
193 833
3 379
865 711
161 332
428 726
641 830
911 713
344 683
466 753
661 255
165 539
884 819
731 478
125 160
207 644
385 597
317 89
573 851
501 974
952 954
880 960
124 282
728 562
792 368
577 750
197 417
143 215
427 795
407 430
970 927
995 169
89 37
543 786
148 210
42 803
770 957
447 193
752 260
786 137
2 836
213 763
473 290
633 963
624 581
347 269
879 962
778 427
675 80
204 235
222 925
993 119
883 209
438 108
987 184
916 307
879 291
744 471
379 173
483 414
837 898
701 842
465 635
134 684
20 557
108 447
135 873
215 252
168 656
363 562
952 646
754 1000
31 385
1 824
70 124
131 667
33 116
687 238
176 485
375 574
917 64
417 877
738 83
437 813
260 978
357 804
43 805
15 832
873 10
343 645
856 464
703 83
277 124
705 336
460 674
908 920
122 187
932 501
299 397
478 32
396 124
867 403
920 380
709 67
987 226
363 724
804 245
913 745
893 357
364 927
914 803
162 989
113 283
254 737
578 316
977 837
411 31
298 38
216 119
223 966
530 661
315 191
39 419
667 170
774 96
803 183
942 281
323 922
835 466
835 139
908 803
285 229
671 769
709 487
241 504
746 149
746 278
744 463
940 693
219 715
409 246
82 491
359 923
83 292
938 201
883 394
909 21
270 311
788 268
776 393
970 649
526 277
952 677
536 126
214 914
306 542
210 787
278 253
757 640
410 688
358 634
667 422
639 809
555 235
229 665
647 41
486 669
242 631
124 872
718 247
551 368
243 555
408 482
508 287
109 275
590 853
523 969
836 742
637 640
131 719
581 672
654 242
532 518
112 461
831 809
918 293
979 188
189 255
447 152
445 623
566 337
399 348
384 946
912 931
310 136
634 320
550 320
834 862
245 424
225 965
276 848
52 779
165 561
120 615
526 887
935 655
384 23
763 432
243 192
993 571
78 228
583 259
705 663
485 662
386 268
802 540
315 631
330 629
271 414
474 522
166 410
909 166
374 793
753 615
467 437
530 97
413 56
95 744
747 969
461 947
241 957
391 242
908 749
679 860
344 101
727 550
881 678
66 33
367 923
517 52
844 818
365 265
567 295
207 898
986 409
481 399
227 834
868 514
680 692
858 626
379 164
169 537
890 549
269 995
237 625
910 740
273 426
780 684
850 924
53 501
965 178
668 58
735 692
647 525
613 621
692 857
109 421
940 604
333 840
849 526
476 999
155 210
81 353
482 398
256 755
435 329
400 880
641 836
70 593
378 536
365 663
506 248
736 96
195 552
359 783
519 582
415 906
475 751
143 286
63 621
782 992
521 626
888 855
458 248
935 367
557 934
913 964
56 984
262 430
50 37
816 822
770 366
305 2
356 876
461 281
830 309
888 614
612 446
720 785
560 106
161 490
132 422
811 780
787 1
644 585
247 643
689 512
779 990
423 862
919 500
699 862
745 32
814 114
862 772
273 238
249 887
45 779
171 414
293 346
200 979
820 492
839 827
280 174
82 488
342 313
858 960
588 240
975 716
862 79
794 570
877 434
840 434
845 519
898 324
897 337
745 192
356 730
287 150
953 78
390 259
951 691
691 822
983 771
915 894
879 912
881 800
39 473
791 232
966 555
142 305
194 89
846 822
144 743
869 40
513 403
470 692
409 583
964 239
241 895
598 627
611 83
17 32
924 708
586 970
556 917
484 361
271 373
497 858
16 78
571 700
514 28
852 983
87 457
991 876
694 476
937 943
341 722
179 721
55 723
777 260
905 891
657 684
919 544
54 523
88 344
220 401
164 578
767 25
685 389
950 469
866 628
930 377
799 689
167 168
236 296
442 108
145 29
506 970
799 591
615 854
483 810
28 7
844 101
1 553
890 834
473 615
507 102
712 250
364 47
36 944
948 314
546 695
105 413
676 496
868 234
100 406
154 55
288 591
297 287
383 551
866 162
306 509
771 494
790 209
441 976
431 733
106 892
737 540
17 725
955 619
913 221
698 377
695 534
284 601
603 401
141 807
812 863
297 130
696 923
969 985
791 498
822 900
529 351
801 548
196 576
262 340
375 945
571 371
454 663
916 436
48 511
686 455
514 374
157 699
861 825
896 739
199 686
75 14
404 914
970 773
276 821
917 335
335 572
604 791
90 985
961 846
99 327
410 564
614 762
855 27
565 907
272 219
568 86
351 338
448 139
94 159
8 968
477 726
313 468
612 268
650 688
595 422
794 495
941 299
67 354
363 734
247 939
301 821
545 730
720 680
510 858
659 661
921 163
459 345
376 229
598 217
710 610
71 264
765 160
88 602
198 372
294 797
859 943
674 601
329 666
304 922
44 904
720 589
607 648
584 11
768 479
770 618
642 629
651 392
360 85
533 917
198 572
256 59
648 681
319 158
828 224
69 720
328 766
758 475
322 939
94 747
799 929
838 815
27 936
707 894
524 151
181 829
254 34
630 624
5 170
565 23
456 54
630 369
558 993
606 922
221 218
880 714
756 263
243 958
325 883
382 932
829 972
361 732
885 498
303 425
761 249
147 333
77 240
144 996
300 364
407 180
405 449
600 133
258 863
717 464
299 690
889 358
516 759
4 878
12 362
70 515
385 25
274 886
